{
  "accuracy": 1.0,
  "precision": 1.0,
  "f1_score": 1.0,
  "classification_report": {
    "Environmental": {
      "precision": 1.0,
      "recall": 1.0,
      "f1-score": 1.0,
      "support": 52.0
    },
    "Governance": {
      "precision": 1.0,
      "recall": 1.0,
      "f1-score": 1.0,
      "support": 54.0
    },
    "Other": {
      "precision": 1.0,
      "recall": 1.0,
      "f1-score": 1.0,
      "support": 41.0
    },
    "Social": {
      "precision": 1.0,
      "recall": 1.0,
      "f1-score": 1.0,
      "support": 53.0
    },
    "accuracy": 1.0,
    "macro avg": {
      "precision": 1.0,
      "recall": 1.0,
      "f1-score": 1.0,
      "support": 200.0
    },
    "weighted avg": {
      "precision": 1.0,
      "recall": 1.0,
      "f1-score": 1.0,
      "support": 200.0
    }
  },
  "confusion_matrix": [
    [
      52,
      0,
      0,
      0
    ],
    [
      0,
      54,
      0,
      0
    ],
    [
      0,
      0,
      41,
      0
    ],
    [
      0,
      0,
      0,
      53
    ]
  ],
  "predictions": [
    "Governance",
    "Social",
    "Social",
    "Governance",
    "Social",
    "Governance",
    "Social",
    "Governance",
    "Other",
    "Other",
    "Other",
    "Social",
    "Governance",
    "Social",
    "Other",
    "Environmental",
    "Other",
    "Governance",
    "Environmental",
    "Other",
    "Governance",
    "Environmental",
    "Other",
    "Other",
    "Governance",
    "Social",
    "Other",
    "Environmental",
    "Environmental",
    "Social",
    "Environmental",
    "Governance",
    "Social",
    "Social",
    "Governance",
    "Social",
    "Social",
    "Governance",
    "Environmental",
    "Other",
    "Governance",
    "Social",
    "Environmental",
    "Social",
    "Other",
    "Governance",
    "Environmental",
    "Other",
    "Environmental",
    "Environmental",
    "Social",
    "Governance",
    "Governance",
    "Other",
    "Governance",
    "Social",
    "Governance",
    "Social",
    "Governance",
    "Governance",
    "Environmental",
    "Other",
    "Environmental",
    "Governance",
    "Social",
    "Governance",
    "Social",
    "Other",
    "Environmental",
    "Governance",
    "Governance",
    "Social",
    "Governance",
    "Social",
    "Other",
    "Social",
    "Governance",
    "Governance",
    "Environmental",
    "Governance",
    "Environmental",
    "Environmental",
    "Governance",
    "Environmental",
    "Social",
    "Governance",
    "Other",
    "Other",
    "Environmental",
    "Environmental",
    "Social",
    "Governance",
    "Environmental",
    "Social",
    "Social",
    "Environmental",
    "Other",
    "Governance",
    "Environmental",
    "Other",
    "Environmental",
    "Environmental",
    "Environmental",
    "Environmental",
    "Other",
    "Other",
    "Environmental",
    "Social",
    "Social",
    "Social",
    "Other",
    "Other",
    "Environmental",
    "Other",
    "Governance",
    "Environmental",
    "Environmental",
    "Social",
    "Social",
    "Other",
    "Environmental",
    "Social",
    "Social",
    "Other",
    "Environmental",
    "Other",
    "Environmental",
    "Social",
    "Governance",
    "Environmental",
    "Environmental",
    "Social",
    "Social",
    "Environmental",
    "Governance",
    "Governance",
    "Governance",
    "Governance",
    "Governance",
    "Environmental",
    "Social",
    "Environmental",
    "Other",
    "Environmental",
    "Social",
    "Other",
    "Other",
    "Social",
    "Governance",
    "Governance",
    "Social",
    "Other",
    "Other",
    "Governance",
    "Other",
    "Environmental",
    "Other",
    "Other",
    "Other",
    "Environmental",
    "Other",
    "Environmental",
    "Social",
    "Social",
    "Social",
    "Governance",
    "Environmental",
    "Social",
    "Governance",
    "Governance",
    "Environmental",
    "Governance",
    "Other",
    "Governance",
    "Other",
    "Governance",
    "Social",
    "Environmental",
    "Governance",
    "Environmental",
    "Governance",
    "Social",
    "Governance",
    "Governance",
    "Environmental",
    "Social",
    "Environmental",
    "Social",
    "Social",
    "Social",
    "Social",
    "Other",
    "Governance",
    "Environmental",
    "Environmental",
    "Governance",
    "Governance",
    "Environmental",
    "Social",
    "Social"
  ],
  "probabilities": [
    [
      0.07843053960202674,
      0.9063706423557228,
      0.000446875182516324,
      0.014751942859733953
    ],
    [
      0.00014205545998498595,
      0.04546420034586716,
      0.030344488947171684,
      0.9240492552469761
    ],
    [
      0.0002710895601209857,
      0.0006989688283313833,
      0.10097325642576577,
      0.8980566851857817
    ],
    [
      0.024619138538785244,
      0.970880468093055,
      3.6854432356549186e-05,
      0.004463538935803164
    ],
    [
      0.00043924026421605824,
      0.005800489522151128,
      0.018694170878011555,
      0.9750660993356212
    ],
    [
      0.016936139388217357,
      0.9771976859951905,
      0.00018852604073901712,
      0.005677648575853294
    ],
    [
      3.354325357692661e-05,
      0.011447445253161447,
      0.06888148239589986,
      0.9196375290973618
    ],
    [
      0.006114428065794026,
      0.99033311805787,
      2.0597812463218883e-06,
      0.0035503940950895596
    ],
    [
      0.006219917623826318,
      0.008112559804578557,
      0.919783937775936,
      0.06588358479565917
    ],
    [
      0.005587976014888042,
      0.08774272627627919,
      0.7964191646408489,
      0.1102501330679839
    ],
    [
      0.006471773055851491,
      0.004634442257581007,
      0.9370764568136724,
      0.05181732787289511
    ],
    [
      0.00012306468599556963,
      0.00877494493976452,
      0.048063025273564874,
      0.9430389651006751
    ],
    [
      0.06467744137700822,
      0.892923631201367,
      0.03246522238472789,
      0.009933705036896895
    ],
    [
      0.0001247880527216995,
      0.001762506425799768,
      0.05081070925618625,
      0.9473019962652922
    ],
    [
      0.008086879426402004,
      0.0043814057553880695,
      0.8669935046224214,
      0.12053821019578857
    ],
    [
      0.9775193881936428,
      0.007561168291273159,
      0.014759866486222925,
      0.00015957702886121525
    ],
    [
      0.01125839471131121,
      0.003208152014738549,
      0.8901676379483567,
      0.09536581532559349
    ],
    [
      0.04137724150168221,
      0.9532675166321021,
      0.00020306513836137346,
      0.005152176727854592
    ],
    [
      0.7022924677848461,
      0.29586667489705126,
      0.0016311994497123648,
      0.00020965786839043546
    ],
    [
      0.004051068767379666,
      0.0038988528703747328,
      0.9645115643372213,
      0.027538514025024198
    ],
    [
      0.21727524619337107,
      0.6869824023260539,
      0.07370342282444753,
      0.022038928656127492
    ],
    [
      0.9039662111398501,
      0.05100530469836305,
      0.04470930447592454,
      0.0003191796858622347
    ],
    [
      0.003383317682942953,
      0.08681938199818251,
      0.7900835287822879,
      0.11971377153658651
    ],
    [
      0.004534722995288617,
      0.030611689491362257,
      0.9301383438822678,
      0.03471524363108138
    ],
    [
      0.10466534719843565,
      0.8851851079426453,
      0.0004069029112736963,
      0.009742641947645406
    ],
    [
      0.0008039822432067958,
      0.012410360682205713,
      0.0015528242879034166,
      0.9852328327866842
    ],
    [
      0.0062521005929017616,
      0.006227404321179094,
      0.9375827429938043,
      0.049937752092114825
    ],
    [
      0.8543889273687154,
      0.08672727874429756,
      0.05861105875126156,
      0.0002727351357254494
    ],
    [
      0.9919605943587598,
      0.0023868405272891315,
      0.005480385781046712,
      0.00017217933290425354
    ],
    [
      0.0001634399329162396,
      0.007740752961954437,
      0.02878138892930638,
      0.963314418175823
    ],
    [
      0.7976493696658735,
      0.18659671751269877,
      0.015347399468721871,
      0.00040651335270578917
    ],
    [
      0.030458704821925576,
      0.9669561840176145,
      0.00037892039684235855,
      0.002206190763617519
    ],
    [
      9.272707182775342e-05,
      0.00440049858673859,
      0.07019867318511563,
      0.9253081011563181
    ],
    [
      0.00033799342714910447,
      0.0012271136787728558,
      0.035893228318164425,
      0.9625416645759137
    ],
    [
      0.0386287491373201,
      0.9250723690162949,
      0.0273746784493598,
      0.008924203397025146
    ],
    [
      5.34900157027535e-05,
      0.0235526450447259,
      0.042206381469716885,
      0.9341874834698545
    ],
    [
      4.3689762914665444e-05,
      0.030726555455003447,
      0.029223984487600194,
      0.9400057702944817
    ],
    [
      0.011874649359585036,
      0.9855149402506211,
      0.000437233021149705,
      0.002173177368644096
    ],
    [
      0.7216253894193853,
      0.2782691048638182,
      4.4701889944481956e-05,
      6.080382685215573e-05
    ],
    [
      0.005308933793628733,
      0.015981179980454733,
      0.9232810356481701,
      0.05542885057774641
    ],
    [
      0.08362147180202663,
      0.8737320235292826,
      0.024502154963648444,
      0.018144349705042445
    ],
    [
      0.0002571901395858098,
      0.00022482016744067564,
      0.07476416236637817,
      0.9247538273265954
    ],
    [
      0.997290603121539,
      0.0015290095737464054,
      0.001122109382129663,
      5.827792258472988e-05
    ],
    [
      0.0002621992942820476,
      0.001468489941523721,
      0.012644054502062036,
      0.9856252562621322
    ],
    [
      0.00974215757270529,
      0.004421324516327085,
      0.8971869158511697,
      0.0886496020597979
    ],
    [
      0.02937756943859279,
      0.9636908043521484,
      0.00035513970555500925,
      0.0065764865037038645
    ],
    [
      0.9881033282139597,
      0.0012808622181584239,
      0.010490913274422635,
      0.00012489629345920257
    ],
    [
      0.00607985743767526,
      0.0017577216272757414,
      0.9593328944462948,
      0.0328295264887543
    ],
    [
      0.9948265626479206,
      0.004824058627353133,
      0.0002883932088404675,
      6.0985515885790764e-05
    ],
    [
      0.9978092229448728,
      0.000498679392076187,
      0.00162746992829797,
      6.462773475285187e-05
    ],
    [
      0.00033834383811652834,
      0.001924942727551699,
      0.012307296832199086,
      0.9854294166021326
    ],
    [
      0.012267044903867376,
      0.9855889014548334,
      0.0004933153186752089,
      0.0016507383226242157
    ],
    [
      0.16563664916740348,
      0.8125282930728663,
      0.001284284164499006,
      0.02055077359523111
    ],
    [
      0.01111814654313174,
      0.004216502433338045,
      0.8814604434914424,
      0.10320490753208786
    ],
    [
      0.0031381092573475318,
      0.9964895239186353,
      1.8499167262342506e-05,
      0.00035386765675484344
    ],
    [
      2.020292082879978e-05,
      0.1222037646569492,
      1.7078452319094958e-05,
      0.877758953969903
    ],
    [
      0.016672368535611066,
      0.9820443854371096,
      0.0003637522376421113,
      0.0009194937896372669
    ],
    [
      5.00567692209391e-05,
      0.026944569729148382,
      0.006984375970633629,
      0.966020997530997
    ],
    [
      0.012007389343976984,
      0.9870744424529149,
      0.00018765679808710226,
      0.0007305114050209354
    ],
    [
      0.04256231807602842,
      0.9526921944171849,
      0.0017152886526049136,
      0.003030198854181945
    ],
    [
      0.7751397952861332,
      0.13564865493625025,
      0.0889641922298538,
      0.0002473575477628157
    ],
    [
      0.007472751861666658,
      0.003840145242218615,
      0.9328223992698663,
      0.05586470362624852
    ],
    [
      0.9980666674034774,
      0.0009229149658315428,
      0.0008980368584335106,
      0.00011238077225757239
    ],
    [
      0.033267736320055405,
      0.9389612230630991,
      0.01936662987022377,
      0.008404410746621533
    ],
    [
      0.00014518918286037972,
      0.008624019892888683,
      0.06430305283356315,
      0.9269277380906878
    ],
    [
      0.027181322942016785,
      0.9653064507478754,
      0.0019933279282985206,
      0.005518898381809315
    ],
    [
      2.9782219973342852e-05,
      0.019726063270440658,
      0.051004257535439634,
      0.9292398969741463
    ],
    [
      0.004394185251706802,
      0.0036395854090012897,
      0.9308528833597566,
      0.061113345979535175
    ],
    [
      0.9766095909664039,
      0.004093762114403272,
      0.01908336463610992,
      0.00021328228308283777
    ],
    [
      0.028253340936767995,
      0.9677527065103042,
      0.0022058600675951873,
      0.001788092485332602
    ],
    [
      0.043615570530953766,
      0.9386721246357117,
      0.004221191864892263,
      0.013491112968442385
    ],
    [
      0.00022535252275314584,
      0.0036518614202008925,
      0.1402481266346109,
      0.8558746594224351
    ],
    [
      0.07107718326578252,
      0.9003624639934104,
      0.015358342739415914,
      0.013202010001391293
    ],
    [
      7.456777939759221e-05,
      0.0046981014878705,
      0.021806385444237807,
      0.973420945288494
    ],
    [
      0.008722321262131993,
      0.0233637170012486,
      0.81906396301214,
      0.14884999872447938
    ],
    [
      0.00017510925929668228,
      0.0005575611241235351,
      0.029207983840389626,
      0.9700593457761902
    ],
    [
      0.13732736307497884,
      0.8579490166843976,
      0.00041852792860473453,
      0.004305092312018882
    ],
    [
      0.006870696260345747,
      0.9902585782762968,
      2.0704376500899912e-05,
      0.0028500210868562937
    ],
    [
      0.9857909873497765,
      0.014085389041544851,
      8.985776551353771e-05,
      3.376584316511851e-05
    ],
    [
      0.2098496258396198,
      0.7406218754377589,
      0.0046740776524081115,
      0.04485442107021327
    ],
    [
      0.9009058908042444,
      0.0036179842169690576,
      0.09532220926165713,
      0.00015391571712927084
    ],
    [
      0.906590218681309,
      0.09262412760615626,
      0.0005129528583073446,
      0.00027270085422723497
    ],
    [
      0.07380097805841387,
      0.9021921470756323,
      0.011846221630834838,
      0.01216065323511889
    ],
    [
      0.9911268357906454,
      0.0017373737227231994,
      0.007043371064971996,
      9.241942165917125e-05
    ],
    [
      0.00023222572020449825,
      0.0009997924688700882,
      0.08607208745038501,
      0.9126958943605404
    ],
    [
      0.11787051298726504,
      0.8760711168659291,
      0.000978507985741709,
      0.005079862161064165
    ],
    [
      0.002948394125835382,
      0.0295343003176531,
      0.9289921704812364,
      0.03852513507527508
    ],
    [
      0.006287990613149384,
      0.004703513663866867,
      0.9354788172106588,
      0.05352967851232497
    ],
    [
      0.9639597257225988,
      0.0028418267576723376,
      0.033113245481335526,
      8.520203839316156e-05
    ],
    [
      0.6843503782994854,
      0.31555955070402714,
      4.4273097586565064e-05,
      4.579789890087031e-05
    ],
    [
      5.0472659987429644e-05,
      0.034508533793839606,
      0.04299790101460813,
      0.9224430925315648
    ],
    [
      0.0328977842941547,
      0.9484387780636642,
      0.013801441981989963,
      0.004861995660191208
    ],
    [
      0.9931453333154222,
      0.005359372367623431,
      0.0014252494590223197,
      7.004485793195109e-05
    ],
    [
      0.00013597355250013145,
      0.008961312802371653,
      0.014327477964010498,
      0.9765752356811177
    ],
    [
      0.00019852193229872247,
      0.0003975732477588764,
      0.014067862679997394,
      0.985336042139945
    ],
    [
      0.9938291581699491,
      0.006085362931694462,
      2.2160809583564688e-05,
      6.331808877278369e-05
    ],
    [
      0.0024551101893135626,
      0.029619654032669526,
      0.8825205482441835,
      0.0854046875338335
    ],
    [
      0.036256026483207304,
      0.9386510473328833,
      0.01936290566255714,
      0.0057300205213524046
    ],
    [
      0.9348534787611925,
      0.002642531675090926,
      0.0624143135537905,
      8.967600992619324e-05
    ],
    [
      0.002629722794159014,
      0.003267505395942639,
      0.9769681152647264,
      0.01713465654517214
    ],
    [
      0.9894467454138177,
      0.002853826437687047,
      0.007563256872295376,
      0.00013617127619973985
    ],
    [
      0.8533864579833975,
      0.1454125215036099,
      0.0010671861204198242,
      0.00013383439257285995
    ],
    [
      0.9155240230226434,
      0.008582772467160743,
      0.07572019937865329,
      0.00017300513154245065
    ],
    [
      0.8825207748173169,
      0.10335909286412877,
      0.013801263152745052,
      0.0003188691658091867
    ],
    [
      0.007274681008867981,
      0.02291001319971381,
      0.8854486275900735,
      0.08436667820134472
    ],
    [
      0.0037712680110879816,
      0.06373325552652925,
      0.8422964048311249,
      0.09019907163125783
    ],
    [
      0.986939741373573,
      0.012962413807558831,
      5.993349777320966e-05,
      3.791132109519741e-05
    ],
    [
      0.00039210197259773364,
      0.003911616973920578,
      0.018140803128403684,
      0.977555477925078
    ],
    [
      0.00028716277284756506,
      0.0022544757669379733,
      0.25680869153951835,
      0.7406496699206961
    ],
    [
      4.8806777847222614e-05,
      0.011517392414713494,
      0.05861434756636455,
      0.9298194532410748
    ],
    [
      0.014704684909781955,
      0.023921742677033418,
      0.8826624886148672,
      0.0787110837983174
    ],
    [
      0.014211519406332149,
      0.02069475930429097,
      0.8639791393141962,
      0.10111458197518085
    ],
    [
      0.9319368196067311,
      0.018180788878653775,
      0.049627536896121725,
      0.00025485461849340276
    ],
    [
      0.009201062269046172,
      0.06035181967381068,
      0.7737190295395586,
      0.15672808851758446
    ],
    [
      0.19176555363646236,
      0.6775232971605437,
      0.11398021439185221,
      0.016730934811141657
    ],
    [
      0.9667057274761904,
      0.03319300917860959,
      2.3016154769936993e-05,
      7.824719043022932e-05
    ],
    [
      0.9680341214660575,
      0.022733807397452295,
      0.00905963919466347,
      0.00017243194182672546
    ],
    [
      0.00012887022738647318,
      0.012404375667845656,
      0.0001429643422907304,
      0.9873237897624771
    ],
    [
      0.0003302281565635576,
      0.001588021916244963,
      0.006717387535031841,
      0.9913643623921595
    ],
    [
      0.003267921897765065,
      0.0019213789190242337,
      0.9716860496947515,
      0.023124649488459093
    ],
    [
      0.984696346930231,
      0.015045813518952875,
      0.0001806346048010457,
      7.720494601519918e-05
    ],
    [
      0.00037923907120099407,
      0.0005777591266868116,
      0.11247479857545875,
      0.8865682032266534
    ],
    [
      9.560561025437239e-05,
      0.10063662581774921,
      0.00030065244402544027,
      0.898967116127971
    ],
    [
      0.0021710793197729766,
      0.0028999230707613946,
      0.9812247152650477,
      0.013704282344418053
    ],
    [
      0.982665740293322,
      0.017180058582545475,
      4.4270591703133655e-05,
      0.0001099305324293488
    ],
    [
      0.004055735674643692,
      0.013125424116198324,
      0.9596117624195124,
      0.023207077789645775
    ],
    [
      0.998877946647673,
      0.0006931990614893772,
      0.0003587801057382208,
      7.0074185099381e-05
    ],
    [
      0.0004880851081510838,
      0.007822665446445368,
      0.0009072495120673832,
      0.9907819999333362
    ],
    [
      0.010555214733985104,
      0.97799795071474,
      0.010154554618404735,
      0.001292279932869971
    ],
    [
      0.9216903175769524,
      0.004637725988372817,
      0.07360630234252993,
      6.565409214473464e-05
    ],
    [
      0.9446052853050394,
      0.035504345925275196,
      0.01954726611196291,
      0.0003431026577225023
    ],
    [
      0.00010305173810807012,
      0.00018614964311078558,
      0.039922717638305245,
      0.959788080980476
    ],
    [
      0.00013301220812945004,
      0.0009069621940162941,
      0.03427202709087729,
      0.964687998506977
    ],
    [
      0.9887778185397527,
      0.010769373498352152,
      0.0003890370378669676,
      6.377092402801028e-05
    ],
    [
      0.028084188155292077,
      0.9664517693596575,
      3.2490788224507753e-06,
      0.005460793406228161
    ],
    [
      0.027790247819636005,
      0.8689629078179485,
      0.10036885584413963,
      0.002877988518275944
    ],
    [
      0.03621282944652747,
      0.9452171112694846,
      0.014587607352710011,
      0.00398245193127798
    ],
    [
      0.001210375105996196,
      0.9978446261292903,
      2.8287896091125953e-07,
      0.0009447158857526669
    ],
    [
      0.04438417632695101,
      0.9535570708570262,
      0.0004962793080385858,
      0.001562473507984078
    ],
    [
      0.9281549404613144,
      0.06681508914144939,
      0.0045891473056196746,
      0.00044082309161669445
    ],
    [
      0.0002258171141663622,
      0.0013575541225980502,
      0.06661010294191748,
      0.9318065258213181
    ],
    [
      0.956052707292865,
      0.042782017775104944,
      0.0010891203112045,
      7.615462082546622e-05
    ],
    [
      0.013771387171692198,
      0.03966563320872387,
      0.7934207609062004,
      0.15314221871338346
    ],
    [
      0.8167359154267883,
      0.18262423837697456,
      0.0004135479115699367,
      0.0002262982846671227
    ],
    [
      0.00014373909684795954,
      0.0027033561948534295,
      0.1176853376635134,
      0.8794675670447852
    ],
    [
      0.018983818613587566,
      0.008026396838001779,
      0.7996293993319937,
      0.17336038521641697
    ],
    [
      0.0072538747705812165,
      0.0033912839658970704,
      0.9238121627383903,
      0.06554267852513142
    ],
    [
      0.00018045969188224825,
      0.06784408326866699,
      0.00042077817980081607,
      0.93155467885965
    ],
    [
      0.1450254609960795,
      0.7969962211591721,
      0.05274481669077542,
      0.005233501153972868
    ],
    [
      0.022666078673554187,
      0.9708767267768583,
      0.0014778446799040602,
      0.004979349869683348
    ],
    [
      7.08030071726511e-05,
      0.012038280955240552,
      0.05040024232440898,
      0.9374906737131777
    ],
    [
      0.006151511307314143,
      0.046542605546060975,
      0.8446576298031762,
      0.10264825334344875
    ],
    [
      0.0016017714313359967,
      0.07125936065143061,
      0.9100320275793772,
      0.017106840337856203
    ],
    [
      0.17535523193763877,
      0.7662075141337568,
      0.032605168731978044,
      0.025832085196626626
    ],
    [
      0.00842654407764807,
      0.01995659200369575,
      0.9218491694963594,
      0.049767694422296636
    ],
    [
      0.9400129427977193,
      0.05983328692744062,
      2.491368062753939e-05,
      0.0001288565942125358
    ],
    [
      0.006000145894544734,
      0.0035352123923023484,
      0.9246271212680406,
      0.06583752044511246
    ],
    [
      0.005413369343200987,
      0.1121203692887359,
      0.737620094804859,
      0.14484616656320404
    ],
    [
      0.003606908227789185,
      0.006429275509357372,
      0.9656677465982757,
      0.024296069664577646
    ],
    [
      0.9607977541693142,
      0.0017294349850357081,
      0.037238214696309314,
      0.00023459614934068213
    ],
    [
      0.013255941290710928,
      0.003407994073650236,
      0.918568493377201,
      0.06476757125843774
    ],
    [
      0.9905827435499138,
      0.009377231210131868,
      2.1831922910482403e-05,
      1.8193317043659226e-05
    ],
    [
      0.0003047806321040165,
      0.0011626531093861575,
      0.045940490238327386,
      0.9525920760201825
    ],
    [
      9.251564381431985e-05,
      0.0033145556666041,
      0.06885204178128039,
      0.9277408869083013
    ],
    [
      7.097398640305888e-05,
      0.0013795999914917804,
      0.06363105166769707,
      0.9349183743544082
    ],
    [
      0.011837375157872393,
      0.9866259308335171,
      0.0008303552094197359,
      0.0007063387991907016
    ],
    [
      0.9766641675323913,
      0.01970226720062538,
      0.0035500572818710444,
      8.350798511230752e-05
    ],
    [
      0.00015535301763846217,
      0.008951968319319175,
      0.09699218182396961,
      0.8939004968390728
    ],
    [
      0.007742658768203525,
      0.9867512087250776,
      0.002622785297268577,
      0.002883347209450244
    ],
    [
      0.1421668837818558,
      0.8457226743096565,
      0.00650751815817102,
      0.005602923750316679
    ],
    [
      0.9973468310584268,
      0.0020093312697712215,
      0.0005779531806151904,
      6.588449118696513e-05
    ],
    [
      0.025855048399340497,
      0.9728614240916144,
      0.0003253275526855321,
      0.0009581999563595913
    ],
    [
      0.007306448446105923,
      0.013046924478694948,
      0.9279383559702968,
      0.051708271104902365
    ],
    [
      0.1221400135073054,
      0.7758885745975975,
      0.08987202530655511,
      0.01209938658854199
    ],
    [
      0.005233791836326405,
      0.007920948497920214,
      0.9510086865326742,
      0.035836573133079044
    ],
    [
      0.01123097906500705,
      0.98658434928984,
      0.00146213893421343,
      0.0007225327109397699
    ],
    [
      0.00032235167906629356,
      0.00409263424602482,
      0.04741190671581428,
      0.9481731073590945
    ],
    [
      0.9833748462341614,
      0.014251706159441605,
      0.002315846577551049,
      5.7601028846006556e-05
    ],
    [
      0.021030224379989776,
      0.9361733932226651,
      0.038759610009780274,
      0.0040367723875650505
    ],
    [
      0.9743660227467842,
      0.02538037053461376,
      0.00018165942761681007,
      7.194729098523166e-05
    ],
    [
      0.021150131326416192,
      0.9052744624700846,
      0.07124552671262828,
      0.0023298794908709988
    ],
    [
      0.0001689750798882017,
      0.019281395432208144,
      0.01584605439775868,
      0.964703575090145
    ],
    [
      0.019940061696702874,
      0.9766270835229368,
      0.0002744202326960868,
      0.0031584345476642424
    ],
    [
      0.024115135978658764,
      0.9690783985350587,
      0.0010012113875011897,
      0.005805254098781384
    ],
    [
      0.9987819258685741,
      0.0011214456531841506,
      7.219677669213499e-05,
      2.4431701549645207e-05
    ],
    [
      0.000576044337224189,
      0.006133201819940474,
      0.00022796254836837483,
      0.9930627912944668
    ],
    [
      0.9653534188502422,
      0.02489031978966854,
      0.009671485090593719,
      8.477626949546214e-05
    ],
    [
      6.398910793198083e-05,
      0.002092522107831076,
      0.013513016881144459,
      0.9843304719030925
    ],
    [
      4.631203631820137e-05,
      0.06036243470857354,
      0.028485995173265454,
      0.9111052580818428
    ],
    [
      7.993705998742034e-05,
      0.005267127118683774,
      0.04243078452256282,
      0.9522221512987661
    ],
    [
      0.00014772864935124277,
      0.000530566264287499,
      0.07029811758433692,
      0.9290235875020244
    ],
    [
      0.011411864238475412,
      0.0037584372273140095,
      0.941756556472533,
      0.04307314206167755
    ],
    [
      0.0046880156905083495,
      0.9945653185020941,
      0.0005691851656636066,
      0.0001774806417340485
    ],
    [
      0.9888724405266398,
      0.0009793579984419187,
      0.010031713998521402,
      0.00011648747639675837
    ],
    [
      0.9619021057978507,
      0.03788758558713459,
      0.00015964493654463266,
      5.066367846995519e-05
    ],
    [
      0.007226958904157463,
      0.9920371568177662,
      0.00023194379349610595,
      0.0005039404845802458
    ],
    [
      0.010728861199218622,
      0.9863426701427229,
      0.0009610506544352441,
      0.0019674180036230887
    ],
    [
      0.9847131621314726,
      0.015193038117631143,
      7.861693370320406e-06,
      8.593805752576481e-05
    ],
    [
      6.580723262488572e-05,
      0.003841632286916175,
      0.14881209165291595,
      0.8472804688275429
    ],
    [
      9.508404952123354e-05,
      0.020284716790876685,
      0.09170042953602367,
      0.8879197696235783
    ]
  ]
}